array([[ 1.1],
       [ 1.3],
       [ 1.5],
       [ 2. ],
       [ 2.2],
       [ 2.9],
       [ 3. ],
       [ 3.2],
       [ 3.2],
       [ 3.7],
       [ 3.9],
       [ 4. ],
       [ 4. ],
       [ 4.1],
       [ 4.5],
       [ 4.9],
       [ 5.1],
       [ 5.3],
       [ 5.9],
       [ 6. ],
       [ 6.8],
       [ 7.1],
       [ 7.9],
       [ 8.2],
       [ 8.7],
       [ 9. ],
       [ 9.5],
       [ 9.6],
       [10.3],
       [10.5]])
(20, 20, 10, 10)
LinearRegression()
MSE:21026037.329511296 RMSE:4585.4157204675885
MAE: 3426.4269374307078
MAPE: 5.261897682192563
R-squared: 0.9749154407708353

Test sum of squared residuals: 210260373.29511297
