[10 20 30 40]
[[1 2 3]
 [4 5 6]]
[[[1 2]
  [3 4]]

 [[5 6]
  [7 8]]]
10
50
[20 30 40]
[5 7 9]
[-3 -3 -3]
[ 4 10 18]
[0.25 0.4  0.5 ]
18.0
18.0
4.427188724235731
25
12
[[19 22]
 [43 50]]
[[1 3]
 [2 4]]
0    10
1    20
2    30
3    40
dtype: int64
    Name  Age  Marks
0   Arun   30     90
1   Ravi   28     85
2  Priya   25     95
    Name  Age  Marks
0   Arun   30     90
1   Ravi   28     85
2  Priya   25     95
3   Sita   24     60
    Name  Marks
0   Arun     90
2  Priya     95
    Name  Marks
0   Arun   90.0
1   Ravi   92.5
2  Priya   95.0
          Marks
count   5.00000
mean   87.60000
std     5.59464
min    80.00000
25%    85.00000
50%    88.00000
75%    90.00000
max    95.00000
             Age      Marks
count   4.000000   4.000000
mean   26.750000  82.500000
std     2.753785  15.545632
min    24.000000  60.000000
25%    24.750000  78.750000
50%    26.500000  87.500000
75%    28.500000  91.250000
max    30.000000  95.000000
