[[ 72  56]
 [ 66  53]
 [ 86  72]
 [ 73  58]
 [ 72  56]
 [ 63  48]
 [ 69  56]
 [ 74  67]
 [ 65  50]
 [ 66  50]
 [ 69  55]
 [ 69  53]
 [ 80  68]
 [ 69  55]
 [ 65  50]
 [ 64  49]
 [ 77  65]
 [ 89  74]
 [ 65  51]
 [ 72  57]
 [ 81  68]
 [ 76  59]
 [105  95]
 [ 77  63]
 [ 73  61]
 [ 70  54]
 [ 65  48]
 [ 72  58]
 [ 80  66]
 [ 84  75]
 [ 74  58]
 [ 73  57]
 [ 64  49]
 [ 91  74]
 [ 70  53]
 [ 91  75]
 [ 72  56]
 [ 70  57]
 [ 69  54]
 [ 72  56]
 [ 63  48]
 [ 71  55]
 [ 67  50]
 [ 67  50]
 [ 56  40]
 [ 66  50]
 [ 70  55]
 [ 71  56]
 [ 79  62]
 [ 80  66]
 [ 80  67]
 [ 78  65]
 [ 68  51]
 [ 70  58]
 [ 78  65]
 [ 70  59]
 [ 65  52]
 [ 87  78]
 [ 72  58]
 [ 68  56]
 [ 73  60]
 [ 70  56]
 [ 85  72]
 [ 79  63]
 [ 79  64]
 [ 74  60]
 [ 84  72]
 [ 76  63]
 [ 75  62]
 [ 71  58]
 [ 72  58]
 [ 69  51]
 [ 88  74]
 [ 75  62]
 [ 72  57]
 [ 91  81]
 [ 70  56]
 [ 66  51]
 [ 69  55]
 [ 67  50]
 [ 74  58]
 [ 70  53]
 [ 76  62]
 [ 76  68]
 [ 72  62]
 [ 74  60]
 [ 74  57]
 [ 70  53]
 [ 66  50]
 [ 67  51]
 [ 65  50]
 [ 64  50]
 [ 72  61]
 [ 95  79]
 [ 68  52]
 [ 73  60]
 [ 82  68]
 [ 82  71]
 [ 75  65]
 [ 76  62]
 [ 70  55]
 [ 90  80]
 [ 66  52]
 [ 68  55]
 [ 73  59]
 [ 65  51]
 [ 70  55]
 [ 68  56]
 [ 67  54]
 [ 71  55]
 [ 74  58]
 [ 68  52]
 [ 73  58]
 [ 73  59]
 [ 75  61]
 [ 70  55]
 [ 74  57]
 [ 79  66]
 [ 79  64]
 [ 72  60]
 [ 74  62]
 [ 66  51]
 [ 62  49]
 [ 74  61]
 [ 67  53]
 [ 69  54]
 [ 72  58]
 [ 73  60]
 [ 87  73]
 [ 70  55]
 [ 68  56]
 [ 78  62]
 [ 79  67]
 [ 72  58]
 [ 69  55]
 [ 77  66]
 [ 67  52]
 [ 68  54]
 [ 72  58]
 [ 75  62]
 [ 70  57]
 [ 72  56]
 [ 70  54]
 [ 68  56]
 [ 70  55]
 [ 72  58]
 [ 73  59]
 [ 70  56]
 [ 81  69]
 [ 83  69]
 [ 73  60]
 [ 78  63]
 [ 75  61]
 [ 87  73]
 [ 86  74]
 [ 92  82]
 [ 73  59]
 [ 73  57]
 [ 74  60]
 [ 73  62]
 [ 73  58]
 [ 73  59]
 [ 85  73]
 [ 81  68]
 [ 73  59]
 [ 72  58]
 [ 68  54]
 [ 73  57]
 [ 71  55]
 [ 74  60]
 [ 72  60]
 [ 71  58]
 [ 67  51]
 [ 70  56]
 [ 67  52]
 [ 78  62]
 [ 73  60]
 [ 72  57]
 [ 78  63]
 [ 78  64]
 [ 81  67]
 [ 81  65]
 [ 71  55]
 [ 69  54]
 [ 74  60]
 [ 70  56]
 [ 67  54]
 [ 67  51]
 [ 69  53]
 [ 74  60]
 [ 66  53]
 [ 69  54]
 [ 78  61]
 [ 81  70]
 [ 68  56]
 [ 65  52]
 [ 72  59]
 [ 78  66]
 [ 75  62]
 [ 73  57]
 [ 62  46]
 [ 66  46]
 [ 63  45]
 [ 67  50]
 [ 66  46]
 [ 64  47]
 [ 66  50]
 [ 67  49]
 [ 59  42]
 [ 66  47]
 [ 59  40]
 [ 64  47]
 [ 64  44]
 [ 64  43]
 [ 60  43]
 [ 62  45]
 [ 61  39]
 [ 66  47]
 [ 60  42]
 [ 68  51]
 [ 66  47]
 [ 65  46]
 [ 64  46]
 [ 66  46]
 [ 60  44]
 [ 65  46]
 [ 62  44]
 [ 67  49]
 [ 65  46]
 [ 62  41]
 [ 62  43]
 [ 64  42]
 [ 63  45]
 [ 66  47]
 [ 66  48]
 [ 63  43]
 [ 58  39]
 [ 69  52]
 [ 67  46]
 [ 63  43]
 [ 64  45]
 [ 63  43]
 [ 68  51]
 [ 67  49]
 [ 66  47]
 [ 76  53]
 [ 64  44]
 [ 68  50]
 [ 64  41]
 [ 63  42]
 [ 60  41]
 [ 61  39]
 [ 62  44]
 [ 62  42]
 [ 65  42]
 [ 65  42]
 [ 62  39]
 [ 67  46]
 [ 63  44]
 [ 59  39]
 [ 62  42]
 [ 61  42]
 [ 68  49]
 [ 63  43]
 [ 60  43]
 [ 60  40]
 [ 61  43]
 [ 65  41]
 [ 66  49]
 [ 66  44]
 [ 72  50]
 [ 62  51]
 [ 60  42]
 [ 58  36]
 [ 63  43]
 [ 57  40]
 [ 58  40]
 [ 63  43]
 [ 60  40]
 [ 59  43]
 [ 60  42]
 [ 60  40]
 [ 60  42]
 [ 60  45]
 [ 64  43]
 [ 61  39]
 [ 64  44]
 [ 61  40]
 [ 61  43]
 [ 66  45]
 [ 62  46]
 [ 74  51]
 [ 63  43]
 [ 61  42]
 [ 59  40]
 [ 60  41]
 [ 67  48]
 [ 61  42]
 [ 60  42]
 [ 58  38]
 [ 59  36]
 [ 62  42]
 [ 60  41]
 [ 59  40]
 [ 61  41]
 [ 56  40]
 [ 64  47]
 [ 63  42]
 [ 59  40]
 [ 55  36]
 [ 60  42]
 [ 64  42]
 [ 64  42]
 [ 57  40]
 [ 56  32]
 [ 61  44]
 [ 62  41]
 [ 69  51]
 [ 59  37]
 [ 55  32]
 [ 62  41]
 [ 61  42]
 [ 66  46]
 [ 70  49]
 [ 60  41]
 [ 62  44]
 [ 63  43]
 [ 59  38]
 [ 58  37]
 [ 59  38]
 [ 62  42]
 [ 61  43]
 [ 63  43]
 [ 58  37]
 [ 64  44]
 [ 57  38]
 [ 66  44]
 [ 59  41]
 [ 56  34]
 [ 61  40]
 [ 60  41]
 [ 62  42]
 [ 58  38]
 [ 71  48]
 [ 61  43]
 [ 65  46]
 [ 67  46]
 [ 58  38]
 [ 58  36]
 [ 59  39]
 [ 62  48]
 [ 59  40]
 [ 55  43]
 [ 57  40]
 [ 57  40]
 [ 62  42]
 [ 65  41]
 [ 66  46]
 [ 60  44]
 [ 62  42]
 [ 58  37]
 [ 62  41]
 [ 61  42]
 [ 62  43]
 [ 62  40]
 [ 61  42]
 [ 64  45]
 [ 65  47]
 [ 60  40]
 [ 60  39]
 [ 58  37]
 [ 61  39]
 [ 58  38]
 [ 66  49]
 [ 62  45]
 [ 62  42]
 [ 64  45]
 [ 56  42]
 [ 62  44]
 [ 56  40]
 [ 65  44]
 [ 61  44]
 [ 60  40]
 [ 61  44]
 [ 59  37]
 [ 62  42]
 [ 59  39]
 [ 61  44]
 [ 65  43]
 [ 67  50]
 [ 62  41]
 [ 61  43]
 [ 69  48]
 [ 71  49]
 [ 67  47]
 [ 69  52]
 [ 71  49]
 [ 64  46]
 [ 69  52]
 [ 71  49]]
[1 1 1 1 1 1 1 1 1 1 1 1 1 1 1 1 1 1 1 1 1 1 1 1 1 1 1 1 1 1 1 1 1 1 1 1 1
 1 1 1 1 1 1 1 1 1 1 1 1 1 1 1 1 1 1 1 1 1 1 1 1 1 1 1 1 1 1 1 1 1 1 1 1 1
 1 1 1 1 1 1 1 1 1 1 1 1 1 1 1 1 1 1 1 1 1 1 1 1 1 1 1 1 1 1 1 1 1 1 1 1 1
 1 1 1 1 1 1 1 1 1 1 1 1 1 1 1 1 1 1 1 1 1 1 1 1 1 1 1 1 1 1 1 1 1 1 1 1 1
 1 1 1 1 1 1 1 1 1 1 1 1 1 1 1 1 1 1 1 1 1 1 1 1 1 1 1 1 1 1 1 1 1 1 1 1 1
 1 1 1 1 1 1 1 1 1 1 1 1 1 1 2 2 2 2 2 2 2 2 2 2 2 2 2 2 2 2 2 2 2 2 2 2 2
 2 2 2 2 2 2 2 2 2 2 2 2 2 2 2 2 2 2 2 2 2 2 2 2 2 2 2 2 2 2 2 2 2 2 2 2 2
 2 2 2 2 2 2 2 2 2 2 2 2 2 2 2 2 2 2 2 2 2 2 2 2 2 2 2 2 2 2 2 2 2 2 2 2 2
 2 2 2 2 2 2 2 2 2 2 2 2 2 2 2 2 2 2 2 2 2 2 2 2 2 2 2 2 2 2 2 2 2 2 2 2 2
 2 2 2 2 2 2 2 2 2 2 2 2 2 2 2 2 2 2 2 2 2 2 2 2 2 2 2 2 2 2 2 2 2 2 2 2 2
 2 2 2 2 2 2 2 2 2 2 2 2 2 2 2 2 2 2 2 2 2 2 2 2 2 2 2 2 2 2]
[1 2 2 1 2 1 1 2 1 2 1 1 1 2 1 1 2 1 1 1 1 2 1 2 1 2 1 1 2 1 1 2 2 2 1 1 1
 1 1 2 1 2 1 1 2 1 2 2 1 2 2 1 2 1 2 2 1 1 2 1 1 2 1 2 1 2 1 2 1 2 1 2 1 1
 1 1 2 2 2 2 2 1 1 1 2 2 1 2 1 2 2 2 1 1 1 1 1 2 2 2]
[[52  2]
 [ 3 43]]
[1 2 2 1 2 1 1 2 1 2 1 1 1 2 1 1 2 1 2 2 1 2 1 2 1 2 1 1 2 1 1 2 2 2 1 1 1
 1 1 2 1 2 1 1 2 1 2 2 1 2 2 1 2 1 2 2 1 1 1 1 1 2 1 2 1 2 1 1 1 2 1 2 1 1
 1 1 2 2 2 2 2 1 1 1 2 2 1 2 2 2 2 2 1 1 1 1 1 2 2 2]
100
OA : 95.0 %
              precision    recall  f1-score   support

           1       0.95      0.96      0.95        54
           2       0.96      0.93      0.95        46

    accuracy                           0.95       100
   macro avg       0.95      0.95      0.95       100
weighted avg       0.95      0.95      0.95       100

